0
0
0
0
0
0
0
0
0
0
0
0
0
0
0
0
1
3
6
7
14
16
26
19
30
44
51
68
96
115
137
188
173
205
225
218
247
277
291
266
304
319
360
372
409
472
447
472
513
552
601
635
626
750
710
800
911
1002
1053
1025
1131
1183
1212
1276
1339
1296
1385
1449
1469
1525
1570
1617
1553
1572
1708
1637
1722
3261
0
1657
1588
1527
1598
1563
1541
2957
0
1432
1359
1397
1301
2490
0
1203
1075
1111
1030
2028
0
950
962
931
1731
0
810
822
1676
0
816
735
1555
0
769
735
1441
0
698
650
1283
0
600
635
1220
0
557
1014
0
481
537
894
0
438
929
0
443
823
0
402
802
0
397
867
0
472
1040
0
535
957
0
481
1202
0
672
1569
0
1277
3542
0
3978
0
2786
9330
0
5675
4064
0
1618
0
604
1165
0
540
1133
0
1058
0
550
1150
0
1176
0
572
1093
0
1120
0
1237
0
655
1268
0
1236
0
1281
0
539
999
0
1135
0
1030
0
598
938
0
950
0
961
0
1079
0
508
1085
0
1255
0
1877
0
3406
0
8495
0
17027
0
11646
14672
0
6518
0
3584
0
2281
0
2119
0
2557
0
3216
0
3119
0
2460
0
5533
0
2996
0
3950
0
2881
0
270
0
3
0
0
