0
0
0
0
0
0
0
0
0
0
0
0
0
1
0
2
0
0
0
1
0
0
0
0
0
0
2
5
6
50
0
0
5
1
2
1
8
2
9
6
10
12
16
9
11
20
14
13
14
11
10
15
10
7
6
17
8
6
14
13
18
8
10
12
12
14
14
12
11
16
11
10
11
14
11
12
62
7
15
13
12
9
18
9
13
13
18
13
15
15
20
23
11
22
19
33
30
23
32
32
36
42
51
71
83
64
84
66
70
62
69
65
55
56
46
55
62
57
54
66
56
67
90
84
99
133
127
129
162
157
148
146
144
129
147
134
138
127
120
114
119
96
124
130
125
126
112
120
116
117
119
122
99
114
114
111
123
128
112
116
118
119
116
93
115
106
116
128
112
107
128
111
114
105
107
97
103
94
147
119
119
123
108
117
108
116
108
119
100
91
101
123
107
103
89
91
77
77
67
70
73
73
86
68
73
50
52
59
64
53
52
59
49
44
41
51
54
53
58
45
57
46
62
42
35
83
40
35
40
44
43
44
53
54
49
32
73
63
58
69
76
85
95
127
109
116
193
258
317
341
389
522
556
968
1316
12212
