42529
0
0
0
0
0
0
0
0
0
0
0
0
0
0
0
0
0
0
0
0
0
0
0
0
0
0
0
0
0
0
0
0
0
0
0
0
0
0
0
0
0
0
0
0
0
0
0
0
0
0
0
0
0
0
0
0
0
0
0
0
0
0
9976
0
0
0
0
0
0
0
0
0
0
0
7251
0
0
0
0
0
0
0
7213
0
0
0
0
0
0
6734
0
0
0
0
7377
0
0
0
7610
0
0
0
6586
0
0
0
4171
0
0
4194
0
0
4126
0
0
3008
0
4932
0
0
3668
0
4158
0
4611
0
4868
0
4652
0
4351
0
1993
3787
0
3929
0
2128
4540
0
2341
4899
0
2409
2214
4625
0
2202
2314
2327
2374
5334
0
2690
2673
2493
2391
2286
2062
1846
1769
1628
1454
1403
1370
1247
1201
1241
1139
1187
1350
1242
1225
1184
1190
1236
1108
950
919
820
790
681
626
619
641
691
647
664
726
815
825
912
926
1016
876
880
892
824
843
910
848
868
905
987
947
1067
1104
1032
936
1048
939
814
689
562
502
379
379
309
218
238
206
175
119
78
69
55
55
22
20
8
7
6
8
1
0
0
1
0
0
0
2
0
1
1
0
0
0
0
0
0
0
0
0
0
0
