0
0
0
0
0
0
0
0
0
0
0
0
0
0
0
0
0
0
0
0
0
0
0
0
0
0
0
0
0
0
0
0
0
0
0
0
0
0
0
0
0
0
0
0
0
0
0
0
0
0
0
0
0
0
0
0
0
0
0
0
0
0
0
0
0
0
0
0
0
0
0
0
0
0
0
0
0
0
0
1
0
7
22
0
28
63
0
93
135
0
177
224
0
306
420
508
0
607
778
922
1082
0
1279
1429
1642
1756
0
1846
2038
2066
2007
2081
2053
0
2039
1969
1846
1741
1673
1549
1478
1289
1249
1193
1026
959
948
910
868
786
801
771
776
848
812
820
801
880
903
850
890
1873
916
924
847
951
935
965
2009
1072
1108
1124
1224
2540
1413
1557
1628
1791
3958
1930
1899
1941
3603
1737
1588
2964
1336
1369
2752
1442
1381
2745
1464
1544
3143
1789
1790
3939
2097
4611
2385
2483
4652
2235
4109
1858
3818
2040
4398
2270
4774
2466
4623
2340
4487
2314
4701
2611
5413
2673
4884
4348
1846
3397
1454
2773
2448
1241
2326
1350
2467
2374
1236
2058
1739
790
1307
1260
1338
664
1541
1737
1942
876
1772
1667
1758
868
1892
2014
2136
1984
939
1503
1064
758
527
444
294
78
124
77
28
13
9
0
1
0
2
2
0
0
0
0
0
0
