42529
9976
7251
7213
6734
7377
7610
6586
4171
4194
4126
3008
4932
3668
4158
4611
4868
4652
4351
1993
3787
3929
2128
4540
2341
4899
2409
2214
4625
2202
2314
2327
2374
5334
2690
2673
2493
2391
2286
2062
1846
1769
1628
1454
1403
1370
1247
0
1201
1241
1139
1187
1350
0
1242
1225
1184
1190
0
1236
1108
950
0
919
820
0
790
681
0
626
619
0
641
691
0
647
664
0
726
0
815
825
0
912
0
926
0
1016
0
876
880
0
892
0
824
0
843
0
910
0
848
0
868
0
905
0
987
0
947
0
1067
0
1104
0
0
1032
0
936
0
1048
0
939
0
0
814
0
689
0
562
0
0
502
0
379
0
0
379
0
309
0
0
218
0
238
0
0
206
0
0
175
0
119
0
0
78
0
0
69
0
0
55
0
55
0
0
22
0
0
20
0
0
8
0
0
7
0
0
6
0
0
8
0
0
1
0
0
0
0
0
0
0
0
0
1
0
0
0
0
0
0
0
0
0
0
0
0
2
0
0
0
0
0
0
1
0
0
0
1
0
0
0
0
0
0
0
0
0
0
0
0
0
0
0
0
0
0
0
0
0
0
0
0
0
0
0
0
0
0
0
0
0
0
0
0
0
0
