0
0
0
0
0
0
0
0
0
0
0
0
0
0
0
0
0
0
0
0
0
0
0
0
1
7
22
28
63
93
135
177
224
306
420
508
607
778
922
1082
1279
1429
1642
1756
1846
2038
2066
2007
2081
2053
2039
1969
1846
1741
1673
1549
1478
1289
1249
1193
1026
959
948
910
868
786
801
771
776
848
812
820
801
880
903
850
890
1873
0
916
924
847
951
935
965
2009
0
1072
1108
1124
1224
2540
0
1413
1557
1628
1791
3958
0
1930
1899
1941
3603
0
1737
1588
2964
0
1336
1369
2752
0
1442
1381
2745
0
1464
1544
3143
0
1789
1790
3939
0
2097
4611
0
2385
2483
4652
0
2235
4109
0
1858
3818
0
2040
4398
0
2270
4774
0
2466
4623
0
2340
4487
0
2314
4701
0
2611
5413
0
2673
4884
0
4348
0
1846
3397
0
1454
2773
0
2448
0
1241
2326
0
1350
2467
0
2374
0
1236
2058
0
1739
0
790
1307
0
1260
0
1338
0
664
1541
0
1737
0
1942
0
876
1772
0
1667
0
1758
0
868
1892
0
2014
0
2136
0
1984
0
939
1503
0
1064
0
758
0
527
0
444
0
294
0
78
124
0
77
0
28
0
13
0
9
0
0
0
1
0
0
0
2
0
2
0
0
0
0
0
0
0
0
0
0
0
0
